Time (sec),  BV (Volts),  T (deg C),  DO (mg/l),  Q ()
1646429700,+3.47,+14.065,+11.762,+0.980
1646430300,+3.47,+14.057,+11.760,+0.980
1646430900,+3.47,+14.083,+11.718,+0.979
1646431500,+3.47,+14.083,+11.724,+0.979
1646432100,+3.47,+14.126,+11.701,+0.979
1646432700,+3.47,+14.109,+11.705,+0.980
1646433300,+3.47,+14.117,+11.628,+0.979
1646433900,+3.47,+14.143,+11.567,+0.979
1646434500,+3.47,+14.135,+11.542,+0.980
1646435100,+3.47,+14.152,+11.556,+0.980
1646435700,+3.47,+14.161,+11.517,+0.980
1646436300,+3.47,+14.196,+11.450,+0.980
1646436900,+3.47,+14.213,+11.393,+0.979
1646437500,+3.47,+14.239,+11.342,+0.980
1646438100,+3.47,+14.265,+11.297,+0.980
1646438700,+3.47,+14.291,+11.223,+0.979
1646439300,+3.47,+14.317,+11.142,+0.979
1646439900,+3.47,+14.343,+11.102,+0.979
1646440500,+3.47,+14.377,+11.022,+0.979
1646441100,+3.47,+14.421,+10.977,+0.979
1646441700,+3.47,+14.438,+10.958,+0.979
1646442300,+3.47,+14.455,+10.919,+0.979
1646442900,+3.47,+14.472,+10.886,+0.979
1646443500,+3.47,+14.524,+10.872,+0.979
1646444100,+3.47,+14.559,+10.806,+0.979
1646444700,+3.47,+14.585,+10.792,+0.979
1646445300,+3.47,+14.611,+10.750,+0.979
1646445900,+3.47,+14.637,+10.725,+0.979
1646446500,+3.47,+14.671,+10.688,+0.979
1646447100,+3.47,+14.662,+10.664,+0.979
1646447700,+3.47,+14.706,+10.622,+0.979
1646448300,+3.47,+14.697,+10.588,+0.979
1646448900,+3.47,+14.697,+10.557,+0.980
1646449500,+3.47,+14.723,+10.514,+0.979
1646450100,+3.47,+14.731,+10.466,+0.980
1646450700,+3.47,+14.723,+10.417,+0.979
1646451300,+3.47,+14.731,+10.374,+0.979
1646451900,+3.47,+14.731,+10.323,+0.979
1646452500,+3.47,+14.723,+10.287,+0.979
1646453100,+3.47,+14.697,+10.259,+0.979
1646453700,+3.47,+14.714,+10.193,+0.979
1646454300,+3.47,+14.706,+10.150,+0.979
1646454900,+3.47,+14.680,+10.106,+0.979
1646455500,+3.47,+14.654,+10.062,+0.979
1646456100,+3.47,+14.645,+10.021,+0.979
1646456700,+3.47,+14.637, +9.974,+0.978
1646457300,+3.47,+14.611, +9.930,+0.979
1646457900,+3.47,+14.576, +9.899,+0.979
1646458500,+3.47,+14.576, +9.848,+0.979
1646459100,+3.47,+14.550, +9.809,+0.979
1646459700,+3.47,+14.533, +9.762,+0.979
1646460300,+3.47,+14.516, +9.713,+0.979
1646460900,+3.47,+14.516, +9.663,+0.979
1646461500,+3.47,+14.464, +9.630,+0.978
1646462100,+3.47,+14.455, +9.587,+0.978
1646462700,+3.47,+14.421, +9.554,+0.979
1646463300,+3.47,+14.403, +9.519,+0.979
1646463900,+3.47,+14.377, +9.464,+0.978
1646464500,+3.47,+14.343, +9.432,+0.979
1646465100,+3.47,+14.325, +9.391,+0.979
1646465700,+3.47,+14.317, +9.351,+0.979
1646466300,+3.47,+14.299, +9.315,+0.979
1646466900,+3.47,+14.265, +9.276,+0.978
1646467500,+3.47,+14.247, +9.243,+0.979
1646468100,+3.47,+14.230, +9.212,+0.979
1646468700,+3.47,+14.221, +9.164,+0.978
1646469300,+3.47,+14.187, +9.130,+0.978
1646469900,+3.47,+14.161, +9.126,+0.979
1646470500,+3.47,+14.143, +9.080,+0.979
1646471100,+3.47,+14.117, +9.049,+0.979
1646471700,+3.47,+14.091, +9.024,+0.979
1646472300,+3.47,+14.065, +8.995,+0.979
1646472900,+3.47,+14.013, +8.969,+0.979
1646473500,+3.47,+13.987, +8.947,+0.979
1646474100,+3.47,+13.961, +8.932,+0.979
1646474700,+3.47,+13.926, +8.917,+0.979
1646475300,+3.47,+13.918, +8.891,+0.979
1646475900,+3.47,+13.866, +8.873,+0.979
1646476500,+3.47,+13.857, +8.864,+0.979
1646477100,+3.47,+13.822, +8.835,+0.978
1646477700,+3.47,+13.805, +8.833,+0.979
1646478300,+3.47,+13.796, +8.808,+0.979
1646478900,+3.47,+13.770, +8.804,+0.979
1646479500,+3.47,+13.744, +8.799,+0.979
1646480100,+3.47,+13.735, +8.785,+0.979
1646480700,+3.47,+13.700, +8.775,+0.979
1646481300,+3.47,+13.674, +8.758,+0.978
1646481900,+3.47,+13.665, +8.766,+0.979
1646482500,+3.47,+13.639, +8.751,+0.978
1646483100,+3.47,+13.622, +8.749,+0.978
1646483700,+3.47,+13.587, +8.776,+0.979
1646484300,+3.47,+13.578, +8.786,+0.979
1646484900,+3.47,+13.552, +8.808,+0.979
1646485500,+3.47,+13.526, +8.843,+0.979
1646486100,+3.47,+13.508, +8.876,+0.979
1646486700,+3.47,+13.508, +8.928,+0.979
1646487300,+3.47,+13.482, +8.991,+0.978
1646487900,+3.47,+13.482, +9.080,+0.979
1646488500,+3.47,+13.500, +9.160,+0.979
1646489100,+3.47,+13.482, +9.271,+0.978
1646489700,+3.47,+13.517, +9.378,+0.979
1646490300,+3.47,+13.517, +9.500,+0.979
1646490900,+3.47,+13.552, +9.604,+0.979
1646491500,+3.47,+13.569, +9.740,+0.979
1646492100,+3.47,+13.604, +9.837,+0.979
1646492700,+3.47,+13.622, +9.927,+0.979
1646493300,+3.47,+13.648,+10.032,+0.979
1646493900,+3.47,+13.683,+10.149,+0.979
1646494500,+3.47,+13.709,+10.244,+0.978
1646495100,+3.47,+13.726,+10.326,+0.979
1646495700,+3.47,+13.787,+10.470,+0.979
1646496300,+3.47,+13.874,+10.526,+0.979
1646496900,+3.47,+13.909,+10.625,+0.978
1646497500,+3.47,+13.953,+10.767,+0.980
1646498100,+3.47,+14.031,+10.795,+0.979
1646498700,+3.47,+14.048,+10.932,+0.979
1646499300,+3.47,+14.117,+11.030,+0.978
1646499900,+3.47,+14.204,+11.106,+0.979
1646500500,+3.47,+14.247,+11.126,+0.979
1646501100,+3.47,+14.256,+11.160,+0.979
1646501700,+3.47,+14.282,+11.181,+0.979
1646502300,+3.47,+14.299,+11.155,+0.978
1646502900,+3.47,+14.282,+11.202,+0.979
1646503500,+3.47,+14.308,+11.337,+0.979
1646504100,+3.47,+14.369,+11.317,+0.979
1646504700,+3.47,+14.386,+11.342,+0.979
1646505300,+3.47,+14.403,+11.412,+0.979
