7450-786242
OS REV: 1.05 Sensor Cal: 1590011347
Time (sec),  BV (Volts),  T (deg C),  DO (mg/l),  Q ()
1646342700,+3.46,+18.447, +9.774,+0.964
1646343300,+3.47,+14.447,+11.213,+0.974
1646343900,+3.47,+14.048,+11.358,+0.979
1646344500,+3.47,+13.953,+11.409,+0.981
1646345100,+3.47,+13.892,+11.407,+0.981
1646345700,+3.47,+13.909,+11.391,+0.982
1646346300,+3.47,+13.900,+11.388,+0.981
1646346900,+3.47,+13.900,+11.350,+0.982
1646347500,+3.47,+13.918,+11.338,+0.982
1646348100,+3.47,+13.961,+11.289,+0.981
1646348700,+3.47,+13.953,+11.322,+0.981
1646349300,+3.47,+13.970,+11.319,+0.981
1646349900,+3.47,+13.996,+11.274,+0.981
1646350500,+3.47,+14.013,+11.212,+0.981
1646351100,+3.47,+14.039,+11.149,+0.981
1646351700,+3.47,+14.048,+11.087,+0.981
1646352300,+3.47,+14.065,+11.025,+0.981
1646352900,+3.47,+14.065,+10.983,+0.981
1646353500,+3.47,+14.100,+10.907,+0.981
1646354100,+3.47,+14.117,+10.844,+0.981
1646354700,+3.47,+14.135,+10.826,+0.981
1646355300,+3.47,+14.143,+10.749,+0.981
1646355900,+3.47,+14.152,+10.697,+0.980
1646356500,+3.47,+14.161,+10.674,+0.981
1646357100,+3.47,+14.178,+10.644,+0.980
1646357700,+3.47,+14.161,+10.641,+0.980
1646358300,+3.47,+14.187,+10.590,+0.980
1646358900,+3.47,+14.196,+10.579,+0.981
1646359500,+3.47,+14.187,+10.531,+0.981
1646360100,+3.47,+14.169,+10.492,+0.980
1646360700,+3.47,+14.169,+10.439,+0.980
1646361300,+3.47,+14.161,+10.431,+0.981
1646361900,+3.47,+14.143,+10.394,+0.981
1646362500,+3.47,+14.109,+10.354,+0.981
1646363100,+3.47,+14.109,+10.305,+0.980
1646363700,+3.47,+14.074,+10.283,+0.981
1646364300,+3.47,+14.065,+10.218,+0.980
1646364900,+3.47,+14.039,+10.187,+0.980
1646365500,+3.47,+14.031,+10.141,+0.980
1646366100,+3.47,+14.013,+10.109,+0.980
1646366700,+3.47,+13.979,+10.063,+0.980
1646367300,+3.47,+13.970,+10.009,+0.980
1646367900,+3.47,+13.918, +9.993,+0.979
1646368500,+3.47,+13.918, +9.949,+0.980
1646369100,+3.47,+13.883, +9.903,+0.980
1646369700,+3.47,+13.848, +9.887,+0.980
1646370300,+3.47,+13.813, +9.851,+0.981
1646370900,+3.47,+13.787, +9.808,+0.980
1646371500,+3.47,+13.770, +9.764,+0.980
1646372100,+3.47,+13.735, +9.738,+0.980
1646372700,+3.47,+13.700, +9.705,+0.980
1646373300,+3.47,+13.665, +9.683,+0.981
1646373900,+3.47,+13.648, +9.636,+0.980
1646374500,+3.47,+13.604, +9.601,+0.980
1646375100,+3.47,+13.596, +9.553,+0.980
1646375700,+3.47,+13.543, +9.542,+0.980
1646376300,+3.47,+13.526, +9.506,+0.981
1646376900,+3.47,+13.473, +9.464,+0.979
1646377500,+3.47,+13.447, +9.447,+0.980
1646378100,+3.47,+13.421, +9.421,+0.980
1646378700,+3.47,+13.377, +9.389,+0.980
1646379300,+3.47,+13.342, +9.359,+0.980
1646379900,+3.47,+13.307, +9.337,+0.980
1646380500,+3.47,+13.272, +9.309,+0.980
1646381100,+3.47,+13.229, +9.298,+0.980
1646381700,+3.47,+13.211, +9.271,+0.980
1646382300,+3.47,+13.176, +9.238,+0.979
1646382900,+3.47,+13.132, +9.226,+0.980
1646383500,+3.47,+13.062, +9.235,+0.980
1646384100,+3.47,+13.053, +9.201,+0.980
1646384700,+3.47,+13.018, +9.181,+0.979
1646385300,+3.47,+12.983, +9.165,+0.980
1646385900,+3.47,+12.948, +9.158,+0.980
1646386500,+3.47,+12.904, +9.151,+0.980
1646387100,+3.47,+12.878, +9.138,+0.980
1646387700,+3.47,+12.825, +9.141,+0.980
1646388300,+3.47,+12.798, +9.126,+0.980
1646388900,+3.47,+12.763, +9.126,+0.980
1646389500,+3.47,+12.719, +9.119,+0.980
1646390100,+3.47,+12.693, +9.102,+0.979
1646390700,+3.47,+12.640, +9.112,+0.980
1646391300,+3.47,+12.605, +9.102,+0.979
1646391900,+3.47,+12.578, +9.101,+0.979
1646392500,+3.47,+12.534, +9.100,+0.980
1646393100,+3.47,+12.525, +9.095,+0.980
1646393700,+3.47,+12.463, +9.107,+0.980
1646394300,+3.47,+12.428, +9.104,+0.980
1646394900,+3.47,+12.384, +9.112,+0.980
1646395500,+3.47,+12.366, +9.083,+0.979
1646396100,+3.47,+12.313, +9.106,+0.980
1646396700,+3.47,+12.287, +9.119,+0.980
1646397300,+3.47,+12.260, +9.122,+0.980
1646397900,+3.47,+12.198, +9.153,+0.980
1646398500,+3.47,+12.180, +9.179,+0.981
1646399100,+3.47,+12.145, +9.191,+0.979
1646399700,+3.47,+12.118, +9.235,+0.980
1646400300,+3.47,+12.091, +9.292,+0.980
1646400900,+3.47,+12.074, +9.337,+0.980
1646401500,+3.47,+12.083, +9.390,+0.980
1646402100,+3.47,+12.065, +9.472,+0.980
1646402700,+3.47,+12.065, +9.544,+0.979
1646403300,+3.47,+12.074, +9.623,+0.979
1646403900,+3.47,+12.100, +9.707,+0.979
1646404500,+3.47,+12.091, +9.805,+0.979
1646405100,+3.47,+12.136, +9.887,+0.980
1646405700,+3.47,+12.154, +9.991,+0.980
1646406300,+3.47,+12.198,+10.066,+0.980
1646406900,+3.47,+12.216,+10.157,+0.980
1646407500,+3.47,+12.260,+10.235,+0.980
1646408100,+3.47,+12.295,+10.318,+0.980
1646408700,+3.47,+12.348,+10.394,+0.980
1646409300,+3.47,+12.402,+10.479,+0.980
1646409900,+3.47,+12.455,+10.566,+0.980
1646410500,+3.47,+12.525,+10.642,+0.980
1646411100,+3.47,+12.596,+10.726,+0.980
1646411700,+3.47,+12.622,+10.790,+0.979
1646412300,+3.47,+12.710,+10.873,+0.980
1646412900,+3.47,+12.790,+10.931,+0.980
1646413500,+3.47,+12.869,+10.979,+0.980
1646414100,+3.47,+12.922,+11.034,+0.980
1646414700,+3.47,+12.983,+11.095,+0.980
1646415300,+3.47,+13.062,+11.120,+0.979
1646415900,+3.47,+13.132,+11.158,+0.979
1646416500,+3.47,+13.211,+11.200,+0.979
1646417100,+3.47,+13.272,+11.267,+0.980
1646417700,+3.47,+13.316,+11.274,+0.979
1646418300,+3.47,+13.369,+11.307,+0.979
1646418900,+3.47,+13.395,+11.382,+0.980
1646419500,+3.47,+13.456,+11.387,+0.980
1646420100,+3.47,+13.526,+11.410,+0.980
1646420700,+3.47,+13.578,+11.426,+0.978
1646421300,+3.47,+13.587,+11.476,+0.979
1646421900,+3.47,+13.648,+11.485,+0.979
1646422500,+3.47,+13.744,+11.517,+0.980
1646423100,+3.47,+13.770,+11.542,+0.979
1646423700,+3.47,+13.822,+11.557,+0.979
1646424300,+3.47,+13.831,+11.618,+0.979
1646424900,+3.47,+13.900,+11.688,+0.980
1646425500,+3.47,+13.926,+11.679,+0.979
1646426100,+3.47,+13.935,+11.715,+0.981
1646426700,+3.47,+13.970,+11.708,+0.979
1646427300,+3.47,+14.031,+11.784,+0.980
1646427900,+3.47,+14.057,+11.748,+0.980
1646428500,+3.47,+14.074,+11.779,+0.980
1646429100,+3.47,+14.074,+11.732,+0.979
